26 226
1 2
1 3
1 4
1 5
1 8
1 9
1 10
1 12
1 13
1 15
1 16
1 17
1 18
1 19
1 20
1 21
1 22
1 23
1 24
1 25
2 4
2 7
2 8
2 9
2 10
2 14
2 15
2 16
2 17
2 18
2 19
2 22
2 23
2 24
2 25
2 26
3 4
3 5
3 7
3 8
3 9
3 11
3 12
3 13
3 14
3 15
3 16
3 17
3 18
3 20
3 21
3 22
3 24
3 25
4 6
4 7
4 8
4 9
4 10
4 11
4 14
4 15
4 18
4 19
4 20
4 21
4 22
4 23
4 24
4 25
5 7
5 11
5 13
5 17
5 18
5 21
5 22
5 23
5 24
5 25
5 26
6 7
6 8
6 9
6 10
6 11
6 14
6 15
6 16
6 17
6 19
6 20
6 21
6 22
6 23
6 25
6 26
7 9
7 11
7 13
7 16
7 18
7 19
7 20
7 21
7 22
7 23
7 24
7 26
8 9
8 13
8 14
8 15
8 17
8 18
8 19
8 22
8 23
8 24
8 26
9 12
9 13
9 14
9 16
9 18
9 20
9 21
9 23
9 24
9 25
9 26
10 12
10 13
10 14
10 15
10 16
10 17
10 18
10 19
10 20
10 23
10 24
10 25
10 26
11 12
11 13
11 14
11 15
11 16
11 17
11 18
11 19
11 21
11 22
11 23
11 24
11 25
11 26
12 13
12 15
12 16
12 17
12 18
12 19
12 20
12 22
12 23
12 26
13 14
13 15
13 16
13 20
13 21
13 23
13 26
14 15
14 16
14 17
14 18
14 19
14 21
14 22
14 23
14 25
15 16
15 17
15 18
15 19
15 21
15 22
15 24
16 18
16 19
16 21
16 23
16 24
16 25
16 26
17 18
17 19
17 23
17 25
17 26
18 19
18 20
18 22
18 24
18 25
19 21
19 24
19 25
19 26
20 22
20 23
20 24
21 22
21 24
21 25
22 23
22 24
22 25
23 25
23 26
24 25
24 26
25 26
