36 409
1 3
1 4
1 6
1 7
1 8
1 9
1 10
1 12
1 13
1 14
1 16
1 18
1 19
1 20
1 22
1 23
1 24
1 25
1 27
1 28
1 32
1 33
1 34
1 35
1 36
2 5
2 8
2 10
2 11
2 12
2 13
2 16
2 21
2 22
2 24
2 25
2 27
2 28
2 30
2 32
2 33
2 34
2 35
2 36
3 4
3 5
3 6
3 12
3 13
3 16
3 18
3 19
3 20
3 22
3 24
3 26
3 29
3 30
3 31
3 33
3 36
4 5
4 7
4 12
4 13
4 15
4 16
4 18
4 19
4 20
4 21
4 22
4 23
4 24
4 25
4 26
4 27
4 29
4 30
4 31
4 32
4 33
4 34
4 35
5 6
5 7
5 8
5 10
5 11
5 12
5 15
5 17
5 18
5 20
5 22
5 23
5 24
5 25
5 26
5 28
5 31
5 32
5 35
5 36
6 8
6 10
6 11
6 12
6 13
6 15
6 16
6 18
6 19
6 21
6 22
6 25
6 27
6 28
6 31
6 33
6 35
7 8
7 9
7 11
7 12
7 13
7 16
7 20
7 21
7 24
7 27
7 29
7 30
7 31
7 34
7 36
8 9
8 10
8 11
8 13
8 15
8 16
8 17
8 18
8 19
8 20
8 22
8 24
8 25
8 26
8 27
8 28
8 31
8 32
8 35
8 36
9 10
9 11
9 12
9 13
9 14
9 16
9 17
9 18
9 21
9 22
9 23
9 25
9 26
9 27
9 29
9 31
9 33
9 34
9 35
9 36
10 11
10 15
10 16
10 17
10 18
10 19
10 20
10 22
10 25
10 26
10 27
10 30
10 32
10 33
10 34
10 35
11 12
11 13
11 14
11 15
11 16
11 17
11 19
11 20
11 22
11 26
11 27
11 28
11 29
11 30
11 33
11 34
11 36
12 13
12 14
12 16
12 19
12 20
12 22
12 23
12 25
12 26
12 29
12 30
12 31
12 32
12 33
12 34
12 35
12 36
13 15
13 16
13 20
13 21
13 22
13 23
13 24
13 25
13 29
13 31
13 32
13 33
13 34
13 35
14 15
14 16
14 17
14 18
14 20
14 21
14 22
14 23
14 24
14 25
14 27
14 29
14 30
14 31
14 32
14 33
14 34
14 35
14 36
15 16
15 17
15 20
15 21
15 22
15 24
15 25
15 27
15 28
15 29
15 30
15 33
15 35
16 17
16 20
16 21
16 23
16 25
16 27
16 31
16 32
16 33
16 34
16 35
17 19
17 21
17 22
17 23
17 24
17 25
17 26
17 27
17 29
17 30
17 31
17 32
17 33
17 35
17 36
18 19
18 20
18 21
18 23
18 24
18 28
18 30
18 31
18 32
18 33
18 35
18 36
19 20
19 21
19 22
19 24
19 25
19 26
19 27
19 28
19 30
19 31
19 32
19 34
20 21
20 22
20 23
20 27
20 28
20 30
20 32
20 33
20 34
20 36
21 22
21 25
21 26
21 27
21 29
21 31
21 35
22 23
22 25
22 27
22 28
22 30
22 31
22 33
22 35
22 36
23 24
23 26
23 27
23 28
23 29
23 30
23 31
23 32
23 33
23 36
24 25
24 27
24 29
24 30
24 32
24 33
24 36
25 26
25 29
25 30
25 32
25 34
25 35
26 28
26 29
26 32
26 33
26 34
26 35
26 36
27 28
27 29
27 30
27 32
27 33
27 34
27 35
28 29
28 32
28 33
28 35
28 36
29 31
29 32
29 36
30 31
30 32
30 33
30 34
30 35
31 32
31 33
31 34
31 36
32 33
32 34
32 36
33 34
33 36
34 36
35 36
